0000000100000011000000001000100000000000000010100100010111100111000000010000001100010100010001001111100000111010100100100100010100001001111001110000100110111101000000010110111100100101101111100000000111000011101111111100001001010001010100011100101101011101111110110000000100000011000000001111010000000000000010000000010111111110000000010000001100010000010000011000010110100000001100010100000110010101000111111010110000111100110110000110001010111011001111001011011110011001110111000101111010110001
0000000100000011000000001000100000000000000010100100010111100111000000010000001100010100010001001111100001010111111011100100010100001001111010100101001110111101000000010110111100100101101111011100001010100101100111101100001001010000110100000011010101010011110011010000000100000011000000001111010000000000000010000000010111111110000000010000001100010000010000011000010110011001110100100100000110010101000010111101100100111100111001010111010010111001001111001011011100111100100110100110101110101111
0000000100000011000000001000100000000000000010100100010111100111000000010000001100010100010001001111100010001111000110100100010100001001100110101001000110111101000000010110111100100101001111010000000111000011101111111100001001010001000100001111111101010111011011010000000100000011000000001111010000000000000010000000010111111110000000010000001100010000010000011000010110011010101111000100000110010100111110111000011000111100110001000000110111011011001111001101101000110101010101100001011111110101
0000000100000011000000001000100000000000000010100100010111100111000000010000001100010100010001001111100000110011111111000100010100001001110001000001100010111101000000010110111100100101101111010000000111000011101111111100001001010001110100110110000101111100001000000000000100000011000000001111010000000000000010000000010111111110000000010000001100010000010000011000010110010001101001000100000110010100111000010001110000111100111000110100011100001110001111001101010000000011111101000110110010010101
0000000100000011000000001000100000000000000010100100010111100111000000010000001100010100010001001111100000111110100111100100010100001001101101101010110110111101100000010110111100100101101111011100001010100101100111101100001001010001011100100011000100110001000101000000000100000011000000001111010000000000000010000000010111111110000000010000001100010000010000011000010110010000000000010100000110010100111010101101011000111100110110010001110010011110001111001110000111011011101111111110001010111100
0000000100000011000000001000100000000000000010100100010111100111000000010000001100010100010001001111100000011110101110100100010100001001110111100110110110111101000000010110111100100101101111100000000111000011101111111100001001010000111100001001100110010110101110000000000100000011000000001111010000000000000010000000010111111110000000010000001100010000010000011000010110000101110001010100000110010101001000011101101100111100110001101111010101101010001111001100011111111110011101000010001001111000
0000000100000011000000001000100000000000000010100100010111100111000000010000001100010100010001001111100001010001010110010100010100001010001000000000000110111101000000010110111100100101101111100110001100010110100011101100001001010001010100011100101110100001010001000000000100000011000000001111010000000000000010000000010111111110000000010000001100010000010000011000010111000100100001010100000110010101010000011100011000111100110010011000000000000101001111001110000001100110101101111011000011100001
0000000100000011000000001000100000000000000010100100010111100111000000010000001100010100010001001111100000100010010001010100010100001001100110101001000110111101000000010110111100100101001111011000000111000011101111111100001001010001101100101111101100010111011010010000000100000011000000001111010000000000000010000000010111111110000000010000001100010000010000011000010110000001000010110100000110010100111010110111100100111100110001000000110111011011001111001011011011011111010110001111001101000000
0000000100000011000000001000100000000000000010100100010111100111000000010000001100010100010001001111100001000011101011100100010100001001110111000110011010111101000000010110111100100101101111011000000111000011101111111100001001010000111100001001100110000010100101100000000100000011000000001111010000000000000010000000010111111110000000010000001100010000010000011000010110001100110100010100000110010100110100000000111100111100110001001100011110111111001111001101011000110011100000001100101110001000
0000000100000011000000001000100000000000000010100100010111100111000000010000001100010100010001001111100000101000110110010100010100001001101000001110011010111101100000010110111100100101101111100100001010100101100111101100001001010011000101110101110111101110010000000000000100000011000000001111010000000000000010000000010111111110000000010000001100010000010000011000010110010101110100100100000110010100111101100110111100111100110000111011000011101010001111001110010011000101110011101000100111110101
0000000100000011000000001000100000000000000010100100010111100111000000010000001100010100010001001111100010110011000011000100010100001001110010000010010110111101000000010110111100100101101111010000000111000011101111111100001001010001111100111100100101010111001101000000000100000011000000001111010000000000000010000000010111111110000000010000001100010000010000011000011001001010110000000100000110010101011011001101010100111100110011100011100001001011001111001100010001011001110111111001001110101000
0000000100000011000000001000100000000000000010100100010111100111000000010000001100010100010001001111100001110100110010000100010100001001111001011000010010111101000000010110111100100101101111100000000111000011101111111100001001010001111100111100100100100111100110000000000100000011000000001111010000000000000010000000010111111110000000010000001100010000010000011000010110100110000110100100000110010101010000101101001000111100110111111010010110011101001111001011111111111010110010011000000100001000
0000000100000011000000001000100000000000000010100100010111100111000000010000001100010100010001001111100001111101011001000100010100001001110010110010111110111101100000010110111100100101101111100100001010100101100111101100001001010001110100110110000110001011100110100000000100000011000000001111010000000000000010000000010111111110000000010000001100010000010000011000010111010010000100100100000110010101010000101101111000111100110110000110001010111011001111001111101001000100000000101111000101100110
0000000100000011000000001000100000000000000010100100010111100111000000010000001100010100010001001111100010101010011100010100010100001001110111111111001010111101100000010110111100100101001111011000000111000011101111111100001001010001110100110110000100101010111100100000000100000011000000001111010000000000000010000000010111111110000000010000001100010000010000011000010110111001111000010100000110010101010111000000111000111100110001110101001001011011001111001101000000000010000111111001101000011100
0000000100000011000000001000100000000000000010100100010111100111000000010000001100010100010001001111100110101011100110010100010100001010111010000000011110111101100000010110111100100101101111010000000111000011101111111100001001010001111100111100100100100000000100100000000100000011000000001111010000000000000010000000010111111110000000010000001100010000010000011000011001011100011001010100000110010101111111110000010100111100110011101001010100111101001111001110001000111001000000011111101010001000
0000000100000011000000001000100000000000000010100100010111100111000000010000001100010100010001001111100111000001010111010100010100001001111100101010111110111101000000010110111100100101101111011100001010100101100111101100001001010010100101011100010111111100101100110000000100000011000000001111010000000000000010000000010111111110000000010000001100010000010000011000011001000101101010000100000110010101010011101100100000111100110100011101100110111101001111001100100100010110001110100110001010100010
0000000100000011000000001000100000000000000010100100010111100111000000010000001100010100010001001111100010001000100001110100010100001010000000010001110110111101000000010110111100100101001111010000000111000011101111111100001001010001011100100011000110000001000001010000000100000011000000001111010000000000000010000000010111111110000000010000001100010000010000011000010111000000011110010100000110010100111100110111101000111100110101010111101100101110001111001101111010010100011011010110111110000101
0000000100000011000000001000100000000000000010100100010111100111000000010000001100010100010001001111100010110001100001110100010100001010000101101110001110111101100000010110111100100101001111011100001010100101100111101100001001010010011101010101111110000000001011110000000100000011000000001111010000000000000010000000010111111110000000010000001100010000010000011000010111000111111110100100000110010101000110001100111100111100101110101001110101001111001111001110010000001011010010101101010110110111
0000000100000011000000001000100000000000000010100100010111100111000000010000001100010100010001001111100001110110110011100100010100001010000000110110010110111101000000010110111100100101000000000000000000000000000000001100001001010010001101001001010110000001100111110000000100000011000000001111010000000000000010000000010111111110000000010000001100010000010000011000010110101011000000110100000110010101000100111101100100111100110011000000101010100001001111001111000111100011000101011000111110101101
0000000100000011000000001000100000000000000010100100010111100111000000010000001100010100010001001111100100101101100011010100010100001001111101101011110010111101100000010110111100100101101111010000000111000011101111111100001001010010110101101001000110110100101110000000000100000011000000001111010000000000000010000000010111111110000000010000001100010000010000011000010111100000010011010100000110010100111011001101011100111100110011010111111001101000001111001101011110101000100010001000000100110001
0000000100000011000000001000100000000000000010100100010111100111000000010000001100010100010001001111100100011100010101110100010100001010010100110010011010111101100000010110111100100101001111100000000111000011101111111100001001010010101101100010101101001111001010010000000100000011000000001111010000000000000010000000010111111110000000010000001100010000010000011000010111001000000111010100000110010101000111110010110000111100101011101010001000100110001111001101010100011011101110101001001000111100
0000000100000011000000001000100000000000000010100100010111100111000000010000001100010100010001001111100100001010000111010100010100001010001001001001000010111101000000010110111100100101000000000000000000000000000000001100001001010011001101111100001101110010001111110000000100000011000000001111010000000000000010000000010111111110000000010000001100010000010000011000010111011010111011110100000110010101000110010110011000111100110101010001111000111011001111001101011000110011100000000011101100001011
0000000100000011000000001000100000000000000010100100010111100111000000010000001100010100010001001111100100001011101000110100010100001010010011101001100010111101000000010110111100100101101111011000000111000011101111111100001001010011010110000010011100110101110100110000000100000011000000001111010000000000000010000000010111111110000000010000001100010000010000011000010111101100010011110100000110010101010011100011000000111100110100011101100110111101001111001100000111001101000100111000010000000100
0000000100000011000000001000100000000000000010100100010111100111000000010000001100010100010001001111100100100101111101000100010100001010001000100000011110111101000000010110111100100101000000000000000000000000000000001100001001010011010110000010011100110100111011010000000100000011000000001111010000000000000010000000010111111110000000010000001100010000010000011000010110110111111000010100000110010101011100111010011100111100111011010111000101111110001111001011010100001101000011010110001001101011
0000000100000011000000001000100000000000000010100100010111100111000000010000001100010100010001001111100100000110000100000100010100001010001001010001000110111101000000010110111100100101101111011000000111000011101111111100001001010010000101000010111111001110000011100000000100000011000000001111010000000000000010000000010111111110000000010000001100010000010000011000010110101000100011100100000110010101001000001101101100111100110011110100111100100001001111001101101110101010010111101110001110010110
0000000100000011000000001000100000000000000010100100010111100111000000010000001100010100010001001111100100101010000000010100010100001010010101101111001110111101000000010110111100100101001111010000000111000011101111111100001001010011000101110101110100001001111011110000000100000011000000001111010000000000000010000000010111111110000000010000001100010000010000011000010111000001100111000100000110010101010010111101001100111100110110011101011010000011001111001100110100011000000011110110000111111111
0000000100000011000000001000100000000000000010100100010111100111000000010000001100010100010001001111100100010010101110000100010100001010001110110001100010111101100000010110111100100101001111011000000111000011101111111100001001010010110101101001000100000111011111110000000100000011000000001111010000000000000010000000010111111110000000010000001100010000010000011000010110101011101001100100000110010101001001010010000100111100110011111010110000010010001111001110101010011001111011101011110011010101
0000000100000011000000001000100000000000000010100100010111100111000000010000001100010100010001001111100100010110110001010100010100001010100011000110000010111101100000010110111100100101101111011100001010100101100111101100001001010010001101001001010101100110110011110000000100000011000000001111010000000000000010000000010111111110000000010000001100010000010000011000010110100010000000100100000110010100111101011110001100111100111000011101001101001000001111001110001110101110000010010110100101110001
0000000100000011000000001000100000000000000010100100010111100111000000010000001100010100010001001111100100010111010001100100010100001001111110011100011010111101100000010110111100100101101111010000000111000011101111111100001001010001110100110110000111100100010000100000000100000011000000001111010000000000000010000000010111111110000000010000001100010000010000011000010110101101100110110100000110010100111001110000010000111100101110110101011100110010001111001101010001100001001101100110110011101000
0000000100000011000000001000100000000000000010100100010111100111000000010000001100010100010001001111100110000000100100010100010100001010001100000011010110111101100000010110111100100101000000000000000000000000000000001100001001010010001101001001010100111100100110100000000100000011000000001111010000000000000010000000010111111110000000010000001100010000010000011000010111001000111000110100000110010100111001111111101000111100110001111010111101001101001111001110011101010010100111000011100010100100
0000000100000011000000001000100000000000000010100100010111100111000000010000001100010100010001001111100101001111011101110100010100001010010001011111110010111101000000010110111100100101001111100000000111000011101111111100001001010001111100111100100101101100111000000000000100000011000000001111010000000000000010000000010111111110000000010000001100010000010000011000010110111011101001110100000110010101000110010000100000111100101110011000011001111010001111001101001011101100001011111000101111011100
0000000100000011000000001000100000000000000010100100010111100111000000010000001100010100010001001111100101110110011100100100010100001010010000001110101110111101000000010110111100100101000000000000000000000000000000001100001001010001111100111100100100000101010000100000000100000011000000001111010000000000000010000000010111111110000000010000001100010000010000011000011000001010001011110100000110010101001001100111001100111100111001111010001001100011001111001100011110100001001100101111111110100110
0000000100000011000000001000100000000000000010100100010111100111000000010000001100010100010001001111100100111110110000110100010100001010100011111010101010111101100000010110111100100101001111011000000111000011101111111100001001010001001100010110010100101010101111110000000100000011000000001111010000000000000010000000010111111110000000010000001100010000010000011000010111011000010110010100000110010100111100000111101000111100101111101111100010100100001111001011011110011001110111001011000011100000
0000000100000011000000001000100000000000000010100100010111100111000000010000001100010100010001001111100101101011110100000100010100001010011011000111100010111101000000010110111100100101101111010000000111000011101111111100001001010001011100100011000100011100000000110000000100000011000000001111010000000000000010000000010111111110000000010000001100010000010000011000010111010100000001110100000110010101000010000110010100111100111001110100010101110001001111001101111101001110111100011010011100011100
0000000100000011000000001000100000000000000010100100010111100111000000010000001100010100010001001111100101011011000111000100010100001010010011110101101010111101000000010110111100100101001111011000000111000011101111111100001001010001100100101001011110011100111000000000000100000011000000001111010000000000000010000000010111111110000000010000001100010000010000011000010111000011010010110100000110010101011110001111100100111100110010100011100111101000001111001011110001010110001101000111010010000101
0000000100000011000000001000100000000000000010100100010111100111000000010000001100010100010001001111100101011010000110010100010100001010001100000111011010111101100000010110111100100101001111011000000111000011101111111100001001010001111100111100100111001111111101000000000100000011000000001111010000000000000010000000010111111110000000010000001100010000010000011000010111001100100111010100000110010101011101100000010100111100110100000110010111110101001111001100110100011000000011110000001000011011
0000000100000011000000001000100000000000000010100100010111100111000000010000001100010100010001001111100101011000100101010100010100001010001111100010001010111101000000010110111100100101001111011000000111000011101111111100001001010001100100101001011100001010000101110000000100000011000000001111010000000000000010000000010111111110000000010000001100010000010000011000011000010011000110000100000110010101010000011111010100111100101111000001000100010111001111001110100000001101001000001101100111000011
0000000100000011000000001000100000000000000010100100010111100111000000010000001100010100010001001111101000010110111010110100010100001010001000111100111010111101000000010110111100100101000000000000000000000000000000001100001001010000111100001001100110100100011011010000000100000011000000001111010000000000000010000000010111111110000000010000001100010000010000011000011000010111010100100100000110010101000110100000100100111100110011110100111100100001001111001100011011100110101011100011000001001101
0000000100000011000000001000100000000000000010100100010111100111000000010000001100010100010001001111101000001101110011000100010100001010101011101100111010111101000000010110111100100101001111011000000111000011101111111100001001010001010100011100101100001010001110000000000100000011000000001111010000000000000010000000010111111110000000010000001100010000010000011000011000000111111101000100000110010101010111110010011000111100110010110101000010111110001111001100010001011001110111111010000001101000
0000000100000011000000001000100000000000000010100100010111100111000000010000001100010100010001001111100111110001111101100100010100001010100100001010110110111101000000010110111100100101001111011100001010100101100111101100001001010010001101001001010110101010100000010000000100000011000000001111010000000000000010000000010111111110000000010000001100010000010000011000011000010000101001000100000110010101010010010100011100111100111000000000001010010000001111001101001010001110111011010111001001100000
0000000100000011000000001000100000000000000010100100010111100111000000010000001100010100010001001111100111100100010010100100010100001010101110010111000110111101100000010110111100100101101111011100001010100101100111101100001001010001110100110110000100010011000011000000000100000011000000001111010000000000000010000000010111111110000000010000001100010000010000011000010111111101001110010100000110010101010010101011000000111100110010101001011011011010001111001101110011000010001000110000011011100100
0000000100000011000000001000100000000000000010100100010111100111000000010000001100010100010001001111100110111000110000100100010100001011010111101000011010111101100000010110111100100101101111011000000111000011101111111100001001010001011100100011000111110100100111000000000100000011000000001111010000000000000010000000010111111110000000010000001100010000010000011000010111111000111100110100000110010110010101000101001000111100101110000110111110100101001111001100100001011011101101100001110011110101
0000000100000011000000001000100000000000000010100100010111100111000000010000001100010100010001001111100101110111011101010100010100001010010111011100100110111101000000010110111100100101101111100010001000110100101011111100001001010001010100011100101100100011100001110000000100000011000000001111010000000000000010000000010111111110000000010000001100010000010000011000010111011101111001010100000110010101010011110001100100111100111011101110010101000110001111001100111011101010010110010000101111100101
0000000100000011000000001000100000000000000010100100010111100111000000010000001100010100010001001111101010110000010011000100010100001010100100111111011110111101100000010110111100100101101111100000000111000011101111111100001001010001111100111100100100100111100000100000000100000011000000001111010000000000000010000000010111111110000000010000001100010000010000011000011010011100011010100100000110010101010001110001100000111100110001000000110111011011001111001101110000000111100111110111001000100000
0000000100000011000000001000100000000000000010100100010111100111000000010000001100010100010001001111101000110011110001010100010100001011001011100010100110111101000000010110111100100101101111011000000111000011101111111100001001010001111100111100100101110100001010010000000100000011000000001111010000000000000010000000010111111110000000010000001100010000010000011000011000001000001110100100000110010101100011110011010100111100110000010010011001001110001111001100111010001101000101111111101010100110
0000000100000011000000001000100000000000000010100100010111100111000000010000001100010100010001001111100110111101010100010100010100001010010100001001111010111101000000010110111100100101101111101000000111000011101111111100001001010010000101000010111100100101111001010000000100000011000000001111010000000000000010000000010111111110000000010000001100010000010000011000011000101110110010010100000110010101000110101101101000111100111001000101110111100100001111001110101000111100101011000001010010010010
0000000100000011000000001000100000000000000010100100010111100111000000010000001100010100010001001111100110110100101101010100010100001010010101111011010110111101000000010110111100100101101111100010001000110100101011111100001001010000110100000011010110101011001001010000000100000011000000001111010000000000000010000000010111111110000000010000001100010000010000011000010111111011111001110100000110010101000111101110011100111100101101110101100011010000001111001101111010010100011011011000101000100110
0000000100000011000000001000100000000000000010100100010111100111000000010000001100010100010001001111101000000111101110100100010100001010110100100000000010111101000000010110111100100101101111011100001010100101100111101100001001010001110100110110000110101010000100010000000100000011000000001111010000000000000010000000010111111110000000010000001100010000010000011000011000110011011011010100000110010101011010000010011100111100101110101001110101001111001111001100010100010100011001001101110110011101
0000000100000011000000001000100000000000000010100100010111100111000000010000001100010100010001001111101000010101011001100100010100001010110011111011100110111101000000010110111100100101101111011100001010100101100111101100001001010010100101011100010111101010101010000000000100000011000000001111010000000000000010000000010111111110000000010000001100010000010000011000011001010000101010010100000110010101100000110110111000111100110011011101101101011010001111001100101010001011010000100100001100010000
0000000100000011000000001000100000000000000010100100010111100111000000010000001100010100010001001111100111001110000001010100010100001011000100111001010010111101100000010110111100100101000000000000000000000000000000001100001001010001111100111100100110100110100000110000000100000011000000001111010000000000000010000000010111111110000000010000001100010000010000011000011000001001001011100100000110010101100101100001111100111100110010001100011000100010001111001101100100011101100100000111111110100111
0000000100000011000000001000100000000000000010100100010111100111000000010000001100010100010001001111100110101101000111010100010100001010100000100011111110111101000000010110111100100101101111011100001010100101100111101100001001010010000101000010111100000010000101010000000100000011000000001111010000000000000010000000010111111110000000010000001100010000010000011000011000010011101011110100000110010101100100000101100100111100110101010001111000111011001111001011110001010110001101001000011000001110
0000000100000011000000001000100000000000000010100100010111100111000000010000001100010100010001001111100111100010010001000100010100001010100010000001000110111101000000010110111100100101101111010000000111000011101111111100001001010010011101010101111111000011110010000000000100000011000000001111010000000000000010000000010111111110000000010000001100010000010000011000010111111110100101100100000110010101010010100110101000111100101111110101010110010101001111001101101000110101010101100111010111000000
0000000100000011000000001000100000000000000010100100010111100111000000010000001100010100010001001111110000001110100110010100010100001010101101101110100010111101100000010110111100100101101111100010001000110100101011111100001001010100101111001000100010001001100100110000000100000011000000001111010000000000000010000000010111111110000000010000001100010000010000011000011100001111001110110100000110010101011011000100101000111100110111000110000100011110001111001101100000000101110010101010101001101100
0000000100000011000000001000100000000000000010100100010111100111000000010000001100010100010001001111101010110010010100110100010100001011000000000001010110111101000000010110111100100101101111011000000111000011101111111100001001010010010101001111101000110111100001100000000100000011000000001111010000000000000010000000010111111110000000010000001100010000010000011000011001000000011011010100000110010101110111000110101000111100110110110100101001001000001111001100110000000000010010010100100010000001
0000000100000011000000001000100000000000000010100100010111100111000000010000001100010100010001001111100111001001111110010100010100001010110100101100001110111101000000010110111100100101101111101010001000110100101011111100001001010001101100101111101110011101110010010000000100000011000000001111010000000000000010000000010111111110000000010000001100010000010000011000011001000011100100010100000110010101101011111010110100111100110001111010111101001101001111001011111101000000010001010101100101000100
0000000100000011000000001000100000000000000010100100010111100111000000010000001100010100010001001111101000001111010100100100010100001010100100000010101110111101000000010110111100100101000000000000000000000000000000001100001001010001110100110110000101011001111001100000000100000011000000001111010000000000000010000000010111111110000000010000001100010000010000011000011001100001111111010100000110010101111011111001101100111100110011110100111100100001001111001101111011110001101011110011110111010111
0000000100000011000000001000100000000000000010100100010111100111000000010000001100010100010001001111100111001011111111110100010100001010100011010110001010111101100000010110111100100101101111100100001010100101100111101100001001010010010101001111101001010000010001100000000100000011000000001111010000000000000010000000010111111110000000010000001100010000010000011000011000000000000101110100000110010101101001010100001100111100110101010111101100101110001111001100111010001101000101110010100100101111
0000000100000011000000001000100000000000000010100100010111100111000000010000001100010100010001001111101011010000101100100100010100001010100010100001011110111101000000010110111100100101001111011000000111000011101111111100001001010010010101001111101011010101001011100000000100000011000000001111010000000000000010000000010111111110000000010000001100010000010000011000011001110010000010100100000110010101111001110011000100111100110010101001011011011010001111001101010111010110001111100110101110111100
0000000100000011000000001000100000000000000010100100010111100111000000010000001100010100010001001111101101101111001001000100010100001010110000111001000110111101100000010110111100100101101111011100001010100101100111101100001001010010001101001001010111000010101010110000000100000011000000001111010000000000000010000000010111111110000000010000001100010000010000011000011010111101000001000100000110010110000110110100000100111100110100110100110110000100001111001110100111011111011010101110100111000011
0000000100000011000000001000100000000000000010100100010111100111000000010000001100010100010001001111101000000001101010000100010100001010111100011010011110111101000000010110111100100101001111010000000111000011101111111100001001010001011100100011000101111000001110010000000100000011000000001111010000000000000010000000010111111110000000010000001100010000010000011000011000001110001011110100000110010101111000011101010000111100111010001011100100111001001111001100101101000101110001000011111100010000
0000000100000011000000001000100000000000000010100100010111100111000000010000001100010100010001001111100111101001010110110100010100001010101100110101111010111101000000010110111100100101001111010000000111000011101111111100001001010001100100101001011111101011111010100000000100000011000000001111010000000000000010000000010111111110000000010000001100010000010000011000011000011111101001010100000110010101100100010100110100111100110011111010110000010010001111001110000111011011101111110111010111111101
0000000100000011000000001000100000000000000010100100010111100111000000010000001100010100010001001111101000101110001100100100010100001010101000010110001110111101000000010110111100100101101111011100001010100101100111101100001001010001001100010110010100101011110111000000000100000011000000001111010000000000000010000000010111111110000000010000001100010000010000011000011000011000001111000100000110010101110111010000001000111100101110011000011001111010001111001110010100100011000100000010111011000011
0000000100000011000000001000100000000000000010100100010111100111000000010000001100010100010001001111100111000100011001110100010100001010100000100011111110111101000000010110111100100101001111010000000111000011101111111100001001010001010100011100101101000000100110100000000100000011000000001111010000000000000010000000010111111110000000010000001100010000010000011000011000011001100011010100000110010101101110000111001100111100110010000110100100101111001111001100000111001101000100111101111101110000
0000000100000011000000001000100000000000000010100100010111100111000000010000001100010100010001001111101010101010101110100100010100001010110011000110111010111101100000010110111100100101101111011100001010100101100111101100001001010001011100100011000101000011110000100000000100000011000000001111010000000000000010000000010111111110000000010000001100010000010000011000011000100000101001010100000110010101110111010001100100111100110010111010110110101111001111001101001110100110101100100010111110111010
0000000100000011000000001000100000000000000010100100010111100111000000010000001100010100010001001111101000011001111101000100010100001011100011110110010010111101000000010110111100100101001111010000000111000011101111111100001001010010100101011100010100000110010001110000000100000011000000001111010000000000000010000000010111111110000000010000001100010000010000011000011001000101010000000100000110010110011000101000000100111100110011011101101101011010001111001100010010110111001000101001011001100101
0000000100000011000000001000100000000000000010100100010111100111000000010000001100010100010001001111100111011011001011100100010100001010110000110001000010111101000000010110111100100101001111010000000111000011101111111100001001010010001101001001010111100000010010000000000100000011000000001111010000000000000010000000010111111110000000010000001100010000010000011000011000001001010100010100000110010101111000000011000100111100110010110101000010111110001111001100100100010110001110101001101110101101
