0000000100000011000000001000100000000000000010100100010111100111000000010000001100010100010000101010101100111010000101100100001111000010000000001100100110111101000000010110111100100101001111011000000111000011101111111100001000110011101101001011110011101111001110100000000100000011000000001111010000000000000010000000010111111110000000010000001100010000001111110111111100110100100010100100000001110100011001100011100000111100101101100100000111111011001111001100010101110001101001101011000000000000
0000000100000011000000001000100000000000000010100100010111100111000000010000001100010100010000101010101001000111000110110100001111000000110111110010000110111101000000010110111100100101101111011000000111000011101111111100001000110101000110010001101100100110010111010000000100000011000000001111010000000000000010000000010111111110000000010000001100010000001111111000000001010011110010100100000001110100111001101111110100111100110010111010110110101111001111001101101101001101000111001000010101001000
0000000100000011000000001000100000000000000010100100010111100111000000010000001100010100010000101010101111000011110001110100001111000000101110101010110010111101100000010110111100100101101111100100001010100101100111101100001000110011101101001011110000010000010110100000000100000011000000001111010000000000000010000000010111111110000000010000001100010000001111111000000000111000001001010100000001110011101100000101011000111100111000110100011100001110001111001011011011011111010110000000100000001111
0000000100000011000000001000100000000000000010100100010111100111000000010000001100010100010000101010110001010101100100010100001110111111001100111011101110111101100000010110111100100101001111100000000111000011101111111100001000110100001101100101001010101011110011000000000100000011000000001111010000000000000010000000010111111110000000010000001100010000001111111000000011111000001101110100000001110110110101000011110100111100110100011101100110111101001111001101111101001110111100010000111000011101
0000000100000011000000001000100000000000000010100100010111100111000000010000001100010100010000101010101001010111010011010100001111000000100100000010000110111101000000010110111100100101000000000000000000000000000000001100001000110011101101001011110000110001100000010000000100000011000000001111010000000000000010000000010111111110000000010000001100010000001111110111111111001011110111100100000001110100101001000000111000111100101110101001110101001111001111001110011101010010100111000000110000010011
0000000100000011000000001000100000000000000010100100010111100111000000010000001100010100010000101010110001010101100100010100001111000101000011101010011010111101000000010110111100100101000000000000000000000000000000001100001000110100101101111110101000011111100111110000000100000011000000001111010000000000000010000000010111111110000000010000001100010000001111111000000010101011000110010100000001110100111111000001010100111100110101011101100000100000001111001100101110100011000001101010010010000110
0000000100000011000000001000100000000000000010100100010111100111000000010000001100010100010000101010101010001111111111110100001110111111100010001100111010111101000000010110111100100101101111011100001010100101100111101100001000110011111101011000011111111011010000000000000100000011000000001111010000000000000010000000010111111110000000010000001100010000001111110111111010001000110110100100000001110101010001001101010100111100111001011101000110101010001111001100111101000111100110110100110011001110
0000000100000011000000001000100000000000000010100100010111100111000000010000001100010100010000101010101101000010001011110100001111000000000100101000101110111101000000010110111100100101101111011100001010100101100111101100001000110100001101100101001001000010000001110000000100000011000000001111010000000000000010000000010111111110000000010000001100010000001111110111111101001110101111000100000001110100000001100010111100111100110010011000000000000101001111001110010110000000010100101001100111011101
0000000100000011000000001000100000000000000010100100010111100111000000010000001100010100010000101010101010000111111001100100001111000000000001000101111010111101100000010110111100100101101111100010001000110100101011111100001000110011110101010010000100100001011011100000000100000011000000001111010000000000000010000000010111111110000000010000001100010000001111110111111111000001101100000100000001110111010000000100010100111100101110000001001010110011001111001110001011110011100001010101110110110011
0000000100000011000000001000100000000000000010100100010111100111000000010000001100010100010000101010101100010001100101110100001110111111101111010111101010111101100000010110111100100101001111010000000111000011101111111100001000110100000101011110110100111100011001110000000100000011000000001111010000000000000010000000010111111110000000010000001100010000001111110111111100001101010000100100000001110101000111110000000100111100110010100011100111101000001111001101000010111100101000111100100011110010
0000000100000011000000001000100000000000000010100100010111100111000000010000001100010100010000101010101100000001011001000100001111000001010110001010101010111101000000010110111100100101101111011100001010100101100111101100001000110011110101010010000110101111000011100000000100000011000000001111010000000000000010000000010111111110000000010000001100010000001111111000000000001101111100110100000001110011111001111010000100111100101111101001101110110010001111001111111001000101110101111111111010010010
0000000100000011000000001000100000000000000010100100010111100111000000010000001100010100010000101011110000110111011110100100001110111111100110110000101110111101100000010110111100100101101111100100001010100101100111101100001000110101110110110111111000101011000111000000000100000011000000001111010000000000000010000000010111111110000000010000001100010000001111111000100001000111011011110100000001110010111001011011101100111100110001010010010010110001001111001011100100001110111000110110100100101111
0000000100000011000000001000100000000000000010100100010111100111000000010000001100010100010000101011101111110110101011100100001111000000010001110011011110111101100000010110111100100101101111100100001010100101100111101100001000110101011110100100110101100111000101010000000100000011000000001111010000000000000010000000010111111110000000010000001100010000001111111000011101001111010110000100000001110100000111010001101000111100101101110101100011010000001111001101010001100001001101101001001111100011
0000000100000011000000001000100000000000000010100100010111100111000000010000001100010100010000101010101110101011011110100100001110111111011000100101001110111101100000010110111100100101001111011000000111000011101111111100001000110011110101010010000100111000110101010000000100000011000000001111010000000000000010000000010111111110000000010000001100010000001111111000000010110000111010110100000001110110011110110111110000111100111011101110010101000110001111001011100100001110111000110001110011010000
0000000100000011000000001000100000000000000010100100010111100111000000010000001100010100010000101010110000001100101011000100001111000111001000010101100110111101000000010110111100100101101111011000000111000011101111111100001000110100010101101011100000110011001111000000000100000011000000001111010000000000000010000000010111111110000000010000001100010000001111110111111101001101010010000100000001111011000010001111001100111100110011110100111100100001001111001110011011110101010110101001110100100001
0000000100000011000000001000100000000000000010100100010111100111000000010000001100010100010000101010101010111000011111110100001111000000101111001011000110111101000000010110111100100101001111100000000111000011101111111100001000110100001101100101001010101011001011110000000100000011000000001111010000000000000010000000010111111110000000010000001100010000001111111000000011010000111011100100000001110011101100111111101000111100110001000000110111011011001111001110001101010000110001111100011010010111
0000000100000011000000001000100000000000000010100100010111100111000000010000001100010100010000101010101101001010010010010100001111000000011100111100011110111101000000010110111100100101001111011000000111000011101111111100001000110100011101110001111001111010101101110000000100000011000000001111010000000000000010000000010111111110000000010000001100010000001111111000000000100011110001100100000001110111101011001010110100111100110011010111111001101000001111001110010111011101100101001111100101011111
0000000100000011000000001000100000000000000010100100010111100111000000010000001100010100010000101010110001100101110000110100001111000010001000010011000110111101000000010110111100100101001111011000000111000011101111111100001000110100011101110001111000101000111100000000000100000011000000001111010000000000000010000000010111111110000000010000001100010000001111110111111010100001100101010100000001110101001111010011001000111100111000001011110001110011001111001110001011110011100001011001010001110111
0000000100000011000000001000100000000000000010100100010111100111000000010000001100010100010000101010110001000101010111100100001110111111010001011111100010111101100000010110111100100101001111010000000111000011101111111100001000110100101101111110101001100110010001000000000100000011000000001111010000000000000010000000010111111110000000010000001100010000001111111000000010111100100011110100000001110011111101110100011000111100110110000110001010111011001111001101000100011001111001010100100011001100
0000000100000011000000001000100000000000000010100100010111100111000000010000001100010100010000101010101011010000110010110100001110111111011101001000110110111101000000010110111100100101000000000000000000000000000000001100001000110100010101101011100010011001010111100000000100000011000000001111010000000000000010000000010111111110000000010000001100010000001111111000000001010010010101110100000001110100110110011110001100111100110011111010110000010010001111001011100101101100001001011011011101101100
0000000100000011000000001000100000000000000010100100010111100111000000010000001100010100010000101010101111110100011000000100001110111111111101000010101010111101100000010110111100100101101111010000000111000011101111111100001000110100000101011110110101101101111001110000000100000011000000001111010000000000000010000000010111111110000000010000001100010000001111111000000100010000111100110100000001110101110011101011001000111100110110100011001101110100001111001110101010011001111011100101100010011011
0000000100000011000000001000100000000000000010100100010111100111000000010000001100010100010000101010110001111110000100000100001111000011110100101010101110111101100000010110111100100101001111011000000111000011101111111100001000110100110110000101000001001100101101000000000100000011000000001111010000000000000010000000010111111110000000010000001100010000001111111000001000000110001000100100000001110110111010001111101000111100110001101001100001111000001111001100110000000000010010011001011101010100
0000000100000011000000001000100000000000000010100100010111100111000000010000001100010100010000101010110110111001111100010100001111000000100111000100101010111101000000010110111100100101101111011000000111000011101111111100001000110100111110001011010111101100001000010000000100000011000000001111010000000000000010000000010111111110000000010000001100010000001111110111111101100011000110110100000001110100100110010010010100111100110110010001110010011110001111001101010001100001001101100000011000001110
0000000100000011000000001000100000000000000010100100010111100111000000010000001100010100010000101010101100000001011001000100001111000000001000001011101010111101000000010110111100100101101111100010001000110100101011111100001000110100001101100101001001010001011011000000000100000011000000001111010000000000000010000000010111111110000000010000001100010000001111110111111001110100011110010100000001110010110000110010110100111100110010011101110011110111001111001110010001101000100011001101011111110110
0000000100000011000000001000100000000000000010100100010111100111000000010000001100010100010000101010101110111011101011010100001111000001011111010001111110111101100000010110111100100101101111100000000111000011101111111100001000110100000101011110110111110100000000100000000100000011000000001111010000000000000010000000010111111110000000010000001100010000001111111000000000101000110111100100000001110010100001100110110100111100110110111010011100111011001111001110000101111110011111011010101010110100
0000000100000011000000001000100000000000000010100100010111100111000000010000001100010100010000101010101101111010111000100100001110111111110000111000110110111101000000010110111100100101101111011100001010100101100111101100001000110100010101101011100001000101011111010000000100000011000000001111010000000000000010000000010111111110000000010000001100010000001111110111111001010000000110010100000001110011001011001010100000111100110101101001001000000011001111001100111010001101000101110110011001110111
0000000100000011000000001000100000000000000010100100010111100111000000010000001100010100010000101010101101110010110010000100001111000001100000010010110010111101100000010110111100100101001111100000000111000011101111111100001000110100001101100101001011001000110000000000000100000011000000001111010000000000000010000000010111111110000000010000001100010000001111110111111101100011000110110100000001110011110100000101100000111100110101100011010100010001001111001110011110101111110111101111101011010100
0000000100000011000000001000100000000000000010100100010111100111000000010000001100010100010000101011000001100010010010110100001111000000101011000111110110111101000000010110111100100101101111011000000111000011101111111100001000110100110110000101000010111101000110010000000100000011000000001111010000000000000010000000010111111110000000010000001100010000001111110111111010111110101011110100000001110100110111100100000100111100110111000000010000101101001111001100100010111000111110001100101101101010
0000000100000011000000001000100000000000000010100100010111100111000000010000001100010100010000101010111010110101000001010100001110111110110010000110000110111101000000010110111100100101101111011000000111000011101111111100001000110101000110010001101100111011101101110000000100000011000000001111010000000000000010000000010111111110000000010000001100010000001111111000000110100001101110110100000001110010110001011011011100111100111010010111001100011011001111001101100101111010110100100011110010000111
0000000100000011000000001000100000000000000010100100010111100111000000010000001100010100010000101010101101100010100101010100001110111110010101101111010010111101000000010110111100100101000000000000000000000000000000001100001000110100011101110001111010100010011111100000000100000011000000001111010000000000000010000000010111111110000000010000001100010000001111110111111101110011000111000100000001110101010110011001001000111100111000000000001010010000001111001100110001011101100010111001110010100100
0000000100000011000000001000100000000000000010100100010111100111000000010000001100010100010000101010110101111001001001010100001111000001111001100111001110111101000000010110111100100101101111010000000111000011101111111100001000110101000110010001101100110000010000100000000100000011000000001111010000000000000010000000010111111110000000010000001100010000001111111000000110110111100011100100000001110110000101001110100000111100101110011110001101101100001111010000000010010111111101000011111011011000
0000000100000011000000001000100000000000000010100100010111100111000000010000001100010100010000101010101110111011101011010100001111000001111001100111001110111101000000010110111100100101001111011000000111000011101111111100001000110100100101111000010000111110110001000000000100000011000000001111010000000000000010000000010111111110000000010000001100010000001111111000000010011110000000010100000001110100111011101010000000111100111000111010010000000000001111001111111100000000010110110011111001011100
0000000100000011000000001000100000000000000010100100010111100111000000010000001100010100010000101010110000101101000100100100001111000010011010100001110110111101000000010110111100100101001111100000000111000011101111111100001000110100101101111110101000000110100100100000000100000011000000001111010000000000000010000000010111111110000000010000001100010000001111110111111100010001100111100100000001110101000010101010001000111100111010001011100100111001001111001110110011001001011110011000000011010110
0000000100000011000000001000100000000000000010100100010111100111000000010000001100010100010000101010101011100000111111100100001111000000101101001001100110111101000000010110111100100101001111010000000111000011101111111100001000110100100101111000010011011001110111110000000100000011000000001111010000000000000010000000010111111110000000010000001100010000001111111000000001110111011100010100000001110100000001100010111100111100111001100010111010011101001111001100001111111100100111010110101000100111
0000000100000011000000001000100000000000000010100100010111100111000000010000001100010100010000101010110101110001000010110100001110111111011000000100101110111101100000010110111100100101101111100000000111000011101111111100001000110100001101100101001010001101100001100000000100000011000000001111010000000000000010000000010111111110000000010000001100010000001111110111111010110100100000000100000001110010101001101100101100111100110111101000111011001000001111001110001011110011100001011000111001000101
0000000100000011000000001000100000000000000010100100010111100111000000010000001100010100010000101010101111001011111000000100001111000001100001110011111110111101100000010110111100100101001111010000000111000011101111111100001000110100011101110001111011101111010101000000000100000011000000001111010000000000000010000000010111111110000000010000001100010000001111111000000000111100100000110100000001110100011001101001010000111100110101100011010100010001001111001101100100011101100100001010100111110011
0000000100000011000000001000100000000000000010100100010111100111000000010000001100010100010000101010110000100100111110000100001111000010000110110001111010111101000000010110111100100101001111011000000111000011101111111100001000110100101101111110101000001111001101110000000100000011000000001111010000000000000010000000010111111110000000010000001100010000001111111000000101000000111110000100000001110101011100100100110100111100110110100011001101110100001111001100100100010110001110100000010100111001
0000000100000011000000001000100000000000000010100100010111100111000000010000001100010100010000101010110010100110100100000100001111000001010011101000100110111101100000010110111100100101101111011100001010100101100111101100001000110100101101111110101010010010010111100000000100000011000000001111010000000000000010000000010111111110000000010000001100010000001111111000001111001000011110010100000001110101101010100101001100111100101111110101010110010101001111001101001110100110101100100010001010100100
0000000100000011000000001000100000000000000010100100010111100111000000010000001100010100010000101010111000011011001000100100001110111111010000111111000110111101000000010110111100100101101111011000000111000011101111111100001000110100111110001011010111000011011100110000000100000011000000001111010000000000000010000000010111111110000000010000001100010000001111111000000010111001101001100100000001110011011011101101110100111100110111010111011111110011001111001110011010011000000110001000000111010000
0000000100000011000000001000100000000000000010100100010111100111000000010000001100010100010000101010111010011100101110100100001111000000100001100000000010111101100000010110111100100101101111010000000111000011101111111100001000110101001110011000000100100001000110010000000100000011000000001111010000000000000010000000010111111110000000010000001100010000001111111000000011100011000111100100000001110100000011111010010100111100110010001100011000100010001111001101101010010010100110000101010011000000
0000000100000011000000001000100000000000000010100100010111100111000000010000001100010100010000101010101011101001000110000100001110111111101101110110010110111101100000010110111100100101101111101000000111000011101111111100001000110100111110001011010101000001010100110000000100000011000000001111010000000000000010000000010111111110000000010000001100010000001111110111111011001000110111100100000001110011111001001011011100111100111010011101000000001101001111001100110000000000010010010001000100000111
0000000100000011000000001000100000000000000010100100010111100111000000010000001100010100010000101010101111100100001011010100001110111111101101010101111110111101000000010110111100100101001111100000000111000011101111111100001000110100111110001011010110010011000011000000000100000011000000001111010000000000000010000000010111111110000000010000001100010000001111111000000000101100100000100100000001110011010000111111000000111100110110001011111110101101001111001100100111010000101111100101111101010110
0000000100000011000000001000100000000000000010100100010111100111000000010000001100010100010000101011010001101111000001010100001111000010001100110110110010111101100000010110111100100101101111100000000111000011101111111100001000110100010101101011100010100111010011110000000100000011000000001111010000000000000010000000010111111110000000010000001100010000001111111001110000111000100010100100000001110100111110010010110000111100101101101001111011101100001111001110101011110111001100000110001010100011
0000000100000011000000001000100000000000000010100100010111100111000000010000001100010100010000101011010001101111000001010100001111000011001011001001000110111101000000010110111100100101001111011000000111000011101111111100001000110101100110101011001100001110010101000000000100000011000000001111010000000000000010000000010111111110000000010000001100010000001111111000100001000011000100010100000001110110010000001000110100111100110111100011000111010111001111001100001000101010010101011111001000110101
0000000100000011000000001000100000000000000010100100010111100111000000010000001100010100010000101010110100111000010110010100001110111111001111111110010010111101000000010110111100100101001111011000000111000011101111111100001000110100111110001011010101101001000110010000000100000011000000001111010000000000000010000000010111111110000000010000001100010000001111111000000100110000001111010100000001110100101001110101010000111100110011100011100001001011001111001101111110101100001100111101110110000101
0000000100000011000000001000100000000000000010100100010111100111000000010000001100010100010000101010110101101000111100100100001111000001110011100010010110111101100000010110111100100101101111010000000111000011101111111100001000110100011101110001111001111111011011000000000100000011000000001111010000000000000010000000010111111110000000010000001100010000001111111000000001110101111111000100000001110101101011101011000000111100101111011110000111001110001111001110101000111100101011001101010000100001
0000000100000011000000001000100000000000000010100100010111100111000000010000001100010100010000101010110110000001001111100100001111000000011001011001100110111101000000010110111100100101101111100000000111000011101111111100001000110100100101111000010011101010110100010000000100000011000000001111010000000000000010000000010111111110000000010000001100010000001111111000000010100011000110000100000001110101001011001101001100111100110010000110100100101111001111001100010010110111001000100110100111000110
0000000100000011000000001000100000000000000010100100010111100111000000010000001100010100010000101011110010000000011000000100001111000011001101001010101110111101000000010110111100100101001111011000000111000011101111111100001000110110000111000100100110000000010110100000000100000011000000001111010000000000000010000000010111111110000000010000001100010000001111111000001010001111101000100100000001110101100101100101000100111100110101010111101100101110001111001111000011001011010011110110110011010001
0000000100000011000000001000100000000000000010100100010111100111000000010000001100010100010000101011100011010100110101110100001111001001000101111011000110111101100000010110111100100101101111011100001010100101100111101100001000110101010110011110011010001100101010010000000100000011000000001111010000000000000010000000010111111110000000010000001100010000001111111000100111101100101011010100000001110111011100001010011000111100110100000000100100000100001111001011111011100011000000111010010010001001
0000000100000011000000001000100000000000000010100100010111100111000000010000001100010100010000101100000001100100100110100100001110111111101100010101001010111101000000010110111100100101001111011000000111000011101111111100001000110101010110011110011011111010001001100000000100000011000000001111010000000000000010000000010111111110000000010000001100010000001111111000011101110001100010100100000001110101010001010011001100111100110100000110010111110101001111001100100111010000101111100101101011010100
0000000100000011000000001000100000000000000010100100010111100111000000010000001100010100010000101010111000011011001000100100001110111111110001111001101110111101000000010110111100100101101111011000000111000011101111111100001000110101000110010001101101000110011100010000000100000011000000001111010000000000000010000000010111111110000000010000001100010000001111111000000001001000111000010100000001110011111111101000110000111100101111101001101110110010001111001101110001100100111000011010101101100010
0000000100000011000000001000100000000000000010100100010111100111000000010000001100010100010000101010111011001101010100100100001111000001101100111100111110111101100000010110111100100101101111100100001010100101100111101100001000110100101101111110101010111100011001000000000100000011000000001111010000000000000010000000010111111110000000010000001100010000001111111000000001011101010000000100000001110110000111011111111000111100111010011101000000001101001111001011110111001011001111011011010110110010
0000000100000011000000001000100000000000000010100100010111100111000000010000001100010100010000101010110010100110100100000100001111000000101110101010110010111101100000010110111100100101001111011000000111000011101111111100001000110100101101111110101000011010011010100000000100000011000000001111010000000000000010000000010111111110000000010000001100010000001111111000001100011011010100100100000001110101101011001000000000111100110101000110010001011000001111001101110100011111011001010101110101001100
0000000100000011000000001000100000000000000010100100010111100111000000010000001100010100010000101010111010110101000001010100001111000000101101001001100110111101100000010110111100100101101111100110001100010110100011101100001000110100101101111110101001001110011011100000000100000011000000001111010000000000000010000000010111111110000000010000001100010000001111111000000000011000001000110100000001110101001110111011110000111100110000001100100101011100001111001110011011110101010110101101010010011000
0000000100000011000000001000100000000000000010100100010111100111000000010000001100010100010000101010110100110000010000000100001111000010111010111011111110111101100000010110111100100101101111010000000111000011101111111100001000110100101101111110101011010111101000000000000100000011000000001111010000000000000010000000010111111110000000010000001100010000001111111000000011001100100100010100000001110100001010111010011100111100110100010111110011001011001111001111111010100011000110011001001001001001
0000000100000011000000001000100000000000000010100100010111100111000000010000001100010100010000101010110001111110000100000100001111000001100010010100011110111101100000010110111100100101001111010000000111000011101111111100001000110100101101111110101011010110000010000000000100000011000000001111010000000000000010000000010111111110000000010000001100010000001111111000000000010011000010110100000001110100111011001100111000111100111000100011000000111010001111001101010010111110011110000111101000010011
0000000100000011000000001000100000000000000010100100010111100111000000010000001100010100010000101101011111011110010111110100001111000010010111111111110110111101100000010110111100100101101111011000000111000011101111111100001000111001000001010110111110010011101001110000000100000011000000001111010000000000000010000000010111111110000000010000001100010000001111111001010011010101101011010100000001110110110100010101001100111100110010110101000010111110001111001111110110001011010100111000100001101101
0000000100000011000000001000100000000000000010100100010111100111000000010000001100010100010000101010111000111011100010000100001111000010011110000100101110111101100000010110111100100101101111011100001010100101100111101100001000110100101101111110101010101101000101110000000100000011000000001111010000000000000010000000010111111110000000010000001100010000001111110111111100101011110100000100000001110101001100010011000100111100110111001011111000010000001111001100110000000000010010011110010101110010
0000000100000011000000001000100000000000000010100100010111100111000000010000001100010100010000101011001100110011001001000100001111000000000111101011001110111101000000010110111100100101001111011100001010100101100111101100001000110101100110101011001111101110111011000000000100000011000000001111010000000000000010000000010111111110000000010000001100010000001111110111111111100111100001010100000001110110010110110001101000111100110001101111010101101010001111001110001010010110010000111100000111011110
0000000100000011000000001000100000000000000010100100010111100111000000010000001100010100010000101010101110101011011110100100001111000000100110100100001010111101100000010110111100100101001111011100001010100101100111101100001000110011101101001011110011101101111000000000000100000011000000001111010000000000000010000000010111111110000000010000001100010000001111110111111110010110000010000100000001110011001001010110001000111100110001000110101011001110001111001110110100100110101110110010011111000100
0000000100000011000000001000100000000000000010100100010111100111000000010000001100010100010000101010110100100000000011010100001111000001001111100101010110111101000000010110111100100101000000000000000000000000000000001100001000110100100101111000010001101000011101100000000100000011000000001111010000000000000010000000010111111110000000010000001100010000001111110111111101000001101000110100000001110011111110000101110000111100110011000110011110010010001111001100110010111010110011010000011100110111
0000000100000011000000001000100000000000000010100100010111100111000000010000001100010100010000101010101100101001111000110100001111000000000011100111111110111101000000010110111100100101101111011100001010100101100111101100001000110100000101011110110110110000001010010000000100000011000000001111010000000000000010000000010111111110000000010000001100010000001111110111111011001110101100000100000001110110110010010101001000111100111110001011001011000011001111001101010000000011111101001101011111110010
0000000100000011000000001000100000000000000010100100010111100111000000010000001100010100010000101011000011100011111000100100001111000000000011000111100010111101000000010110111100100101001111011000000111000011101111111100001000110100100101111000010011111011110101110000000100000011000000001111010000000000000010000000010111111110000000010000001100010000001111111000000001111100100010010100000001110110001001111101000100111100110101010001111000111011001111001100010001011001110111110110100001101100
