0000000100000011000000001000100000000000000010100100010111100111
0000000100000011000000001000100000000000000010100100010111100111
0000000100000011000000001000100000000000000010100100010111100111
0000000100000011000000001000100000000000000010100100010111100111
0000000100000011000000001000100000000000000010100100010111100111
0000000100000011000000001000100000000000000010100100010111100111
0000000100000011000000001000100000000000000010100100010111100111
0000000100000011000000001000100000000000000010100100010111100111
0000000100000011000000001000100000000000000010100100010111100111
0000000100000011000000001000100000000000000010100100010111100111
0000000100000011000000001000100000000000000010100100010111100111
0000000100000011000000001000100000000000000010100100010111100111
0000000100000011000000001000100000000000000010100100010111100111
0000000100000011000000001000100000000000000010100100010111100111
0000000100000011000000001000100000000000000010100100010111100111
0000000100000011000000001000100000000000000010100100010111100111
0000000100000011000000001000100000000000000010100100010111100111
0000000100000011000000001000100000000000000010100100010111100111
0000000100000011000000001000100000000000000010100100010111100111
0000000100000011000000001000100000000000000010100100010111100111
0000000100000011000000001000100000000000000010100100010111100111
0000000100000011000000001000100000000000000010100100010111100111
0000000100000011000000001000100000000000000010100100010111100111
0000000100000011000000001000100000000000000010100100010111100111
0000000100000011000000001000100000000000000010100100010111100111
0000000100000011000000001000100000000000000010100100010111100111
0000000100000011000000001000100000000000000010100100010111100111
0000000100000011000000001000100000000000000010100100010111100111
0000000100000011000000001000100000000000000010100100010111100111
0000000100000011000000001000100000000000000010100100010111100111
0000000100000011000000001000100000000000000010100100010111100111
0000000100000011000000001000100000000000000010100100010111100111
0000000100000011000000001000100000000000000010100100010111100111
0000000100000011000000001000100000000000000010100100010111100111000000010000001100010100010001000100001010001110011001100100010010001000100111001101111010111101000000010110111100100101101111100010001000110100101011111100001101110010111000110100100000001101111100000000000100000011000000001111010000000000000010000000010111111110000000010000001100010000010000001101110100000101000010100100000100011011110111111110110000111100110000110101001111111000001111001100101110100011000001100010100000011100
0000000100000011000000001000100000000000000010100100010111100111000000010000001100010100010001000100001100010001000000000100010010001010001010110110010110111101000000010110111100100101101111010000000111000011101111111100001101110011000100111110000100100111011010000000000100000011000000001111010000000000000010000000010111111110000000010000001100010000010000001101101110111000100011010100000100011100100001001011001100111100101110110101011100110010001111001110001011110011100001011111111111111100
0000000100000011000000001000100000000000000010100100010111100111000000010000001100010100010001000100010010101001000001000100010010001000110110100010010010111101000000010110111100100101001111010000000111000011101111111100001101110011000000111010111101111111101111010000000100000011000000001111010000000000000010000000010111111110000000010000001100010000010000001101111011011011011001000100000100011100100111000111000000111100110011100011100001001011001111001100101110100011000001101110001010000101
0000000100000011000000001000100000000000000010100100010111100111000000010000001100010100010001000100001001100001110110100100010010001000101100110010011010111101000000010110111100100101101111011000000111000011101111111100001101110010110100110001010100011010110000010000000100000011000000001111010000000000000010000000010111111110000000010000001100010000010000001101110001000000110010100100000100011011101010001111111000111100110001111010111101001101001111001011110111001011001111011001100000100110